[1] 1
KN      KING    D2               
 1 -1   -2  3    3  6   Value  5 
 3  0    2  0    4  0            
-3  0   -3  0    5  0            
[1] 2
KN      KING    D2               
 2 -2   -2  2    3  4   Value  3 
 3  0   -3  0    5  0            
-3  0    3  0    6  0            
[1] 3
KN      KING    D2               
 2 -3   -1  1    1  2   Value  7 
 3  0   -3  0    5  0            
-2  0    3  0    6  0            
[1] 4
KN      KING    D2               
 2  3   -2 -3    3  5   Value  6 
-3  0    2  0    4  0            
-2  0    3  0    6  0            
