[1] 1
KN         KING       D2                  
 1 -3 -1   -1  1  3    1  2  6   Value  9 
 2 -2  0   -2  2  0    3  4  0            
 3  0  0   -3  0  0    5  0  0            
[1] 2
KN         KING       D2                  
 1 -3 -2   -1  1  2    1  2  4   Value  9 
 2 -1  0   -2  3  0    3  6  0            
 3  0  0   -3  0  0    5  0  0            
[1] 3
KN         KING       D2                  
 1  3 -1   -2 -2  3    3  3  6   Value  5 
 2 -2  0    2  2  0    4  4  0            
-3  0  0   -3  0  0    5  0  0            
[1] 4
KN         KING       D2                  
 1  3 -2   -2 -2  2    3  3  4   Value  8 
 2 -1  0    2  3  0    4  6  0            
-3  0  0   -3  0  0    5  0  0            
[1] 5
KN         KING       D2                  
 1  2 -1   -2 -3  3    3  5  6   Value  7 
 3 -2  0    2  3  0    4  6  0            
-3  0  0   -3  0  0    5  0  0            
[1] 6
KN         KING       D2                  
 1  3 -1   -2  2  3    3  4  6   Value  4 
 3 -3  0   -3 -3  0    5  5  0            
-3  0  0    3  0  0    6  0  0            
[1] 7
KN         KING       D2                  
 1  2 -2   -2  2 -3    3  4  5   Value  5 
 3 -1  0   -3  3  0    5  6  0            
-3  0  0    3  0  0    6  0  0            
[1] 8
KN         KING       D2                  
 1  3 -3   -1  1 -2    1  2  3   Value 10 
 3 -1  0    2  3  0    4  6  0            
-3  0  0   -3  0  0    5  0  0            
[1] 9
KN         KING       D2                  
 2  3 -2   -2 -2  2    3  3  4   Value  7 
 3 -3  0    2 -3  0    4  5  0            
-3  0  0    3  0  0    6  0  0            
[1] 10
KN         KING       D2                  
 2  3 -3   -1  1 -2    1  2  3   Value 11 
 3 -2  0    2 -3  0    4  5  0            
-3  0  0    3  0  0    6  0  0            
[1] 11
KN         KING       D2                  
 1  2 -1   -1  1  3    1  2  6   Value  8 
 3 -3  0   -3 -3  0    5  5  0            
-2  0  0    3  0  0    6  0  0            
[1] 12
KN         KING       D2                  
 1  2 -3   -1  1 -3    1  2  5   Value  7 
 3 -1  0   -3  3  0    5  6  0            
-2  0  0    3  0  0    6  0  0            
[1] 13
KN         KING       D2                  
 2  2 -2   -1  1  2    1  2  4   Value  8 
 3 -3  0   -2 -3  0    3  5  0            
-2  0  0    3  0  0    6  0  0            
[1] 14
KN         KING       D2                  
 2  3 -3   -1  1 -3    1  2  5   Value 10 
 3 -3  0   -2  2  0    3  4  0            
-2  0  0    3  0  0    6  0  0            
[1] 15
KN         KING       D2                  
 1  2  3   -2 -3 -3    3  5  5   Value  6 
-3 -1  0    2  3  0    4  6  0            
-2  0  0    3  0  0    6  0  0            
[1] 16
KN         KING       D2                  
 2  3  3   -2 -2 -3    3  3  5   Value  6 
-3 -3  0    2  2  0    4  4  0            
-2  0  0    3  0  0    6  0  0            
