[1] 1
KN      KING    D2               
 1 -3   -1  1    1  2   Value  9 
 2 -2   -2  2    3  4            
 3 -1   -3  3    5  6            
[1] 2
KN      KING    D2               
 1  3   -2 -2    3  3   Value  5 
 2 -2    2  2    4  4            
-3 -1   -3  3    5  6            
[1] 3
KN      KING    D2               
 1  3   -2  2    3  4   Value  3 
 3 -3   -3 -3    5  5            
-3 -1    3  3    6  6            
[1] 4
KN      KING    D2               
 1  2   -1  1    1  2   Value  7 
 3 -3   -3 -3    5  5            
-2 -1    3  3    6  6            
[1] 1
KN      KING    D2               
 1 -3   -1  1    1  2   Value  9 
 2 -2   -2  2    3  4            
 3 -1   -3  3    5  6            
[1] 2
KN      KING    D2               
 1  3   -2 -2    3  3   Value  5 
 2 -2    2  2    4  4            
-3 -1   -3  3    5  6            
[1] 3
KN      KING    D2               
 1  3   -2  2    3  4   Value  3 
 3 -3   -3 -3    5  5            
-3 -1    3  3    6  6            
[1] 4
KN      KING    D2               
 1  2   -1  1    1  2   Value  7 
 3 -3   -3 -3    5  5            
-2 -1    3  3    6  6            
