[1] 1
KN            KING          D2                     
 1  1 -4 -4   -1 -1  1  1    1  1  2  2   Value 32 
 2  2 -3 -3   -2 -2  2  2    3  3  4  4            
 3  3 -2 -2   -3 -3  3  3    5  5  6  6            
 4  4 -1 -1   -4 -4  4  4    7  7  8  8            
[1] 2
KN            KING          D2                     
 1  1  4 -4   -1  1 -2 -2    1  2  3  3   Value 26 
 2  2 -3 -3   -2  2  2  2    3  4  4  4            
 3  3 -2 -2   -3 -3  3  3    5  5  6  6            
 4 -4 -1 -1   -4 -4  4  4    7  7  8  8            
[1] 3
KN            KING          D2                     
 1  1  4 -4   -1  1 -2  2    1  2  3  4   Value 27 
 2  2 -4 -3   -2  2 -3 -3    3  4  5  5            
 3  4 -2 -2   -3  3  3  3    5  6  6  6            
 4 -4 -1 -1   -4 -4  4  4    7  7  8  8            
[1] 4
KN            KING          D2                     
 1  1  4 -4   -1  1 -2  2    1  2  3  4   Value 24 
 2  3 -4 -3   -2  2 -3  3    3  4  5  6            
 3  4 -3 -2   -3  3 -4 -4    5  6  7  7            
 4 -4 -1 -1   -4  4  4  4    7  8  8  8            
[1] 5
KN            KING          D2                     
 1  1  3 -4   -1 -1  1  1    1  1  2  2   Value 28 
 2  2 -4 -3   -2  2 -3 -3    3  4  5  5            
 3  4 -2 -2   -3  3  3  3    5  6  6  6            
 4 -3 -1 -1   -4 -4  4  4    7  7  8  8            
[1] 6
KN            KING          D2                     
 1  1  3 -4   -1 -1  1  1    1  1  2  2   Value 29 
 2  3 -4 -3   -2  2 -3  3    3  4  5  6            
 3  4 -3 -2   -3  3 -4 -4    5  6  7  7            
 4 -3 -1 -1   -4  4  4  4    7  8  8  8            
[1] 7
KN            KING          D2                     
 1  1  3 -4   -1  1 -3 -3    1  2  5  5   Value 20 
 2  2  4 -3   -2  2  3  3    3  4  6  6            
 3 -4 -2 -2   -3  3 -4 -4    5  6  7  7            
 4 -3 -1 -1   -4  4  4  4    7  8  8  8            
[1] 8
KN            KING          D2                     
 1  1  3  4   -1  1  2  2    1  2  4  4   Value 22 
 2  2 -4 -3   -2 -2 -3 -3    3  3  5  5            
 3 -4 -2 -2   -3  3  3  3    5  6  6  6            
 4 -3 -1 -1   -4 -4  4  4    7  7  8  8            
[1] 9
KN            KING          D2                     
 1  1  3 -4   -1  1 -2 -3    1  2  3  5   Value 28 
 2  3  4 -3   -2  2  2  3    3  4  4  6            
 3 -4 -3 -2   -3  3 -4 -4    5  6  7  7            
 4 -3 -1 -1   -4  4  4  4    7  8  8  8            
[1] 10
KN            KING          D2                     
 1  1  3  4   -1  1  2  2    1  2  4  4   Value 23 
 2  3 -4 -3   -2 -2 -3  3    3  3  5  6            
 3 -4 -3 -2   -3  3 -4 -4    5  6  7  7            
 4 -3 -1 -1   -4  4  4  4    7  8  8  8            
[1] 11
KN            KING          D2                     
 1  1  3  4   -1  1  2 -3    1  2  4  5   Value 20 
 2  4 -4 -4   -2 -3  3  3    3  5  6  6            
 3 -4 -3 -2   -3  3 -4 -4    5  6  7  7            
 4 -3 -1 -1   -4  4  4  4    7  8  8  8            
[1] 12
KN            KING          D2                     
 1  1  2 -4   -1 -1  1  1    1  1  2  2   Value 30 
 2  3 -4 -3   -2 -2  2  2    3  3  4  4            
 3  4 -3 -2   -3  3 -4 -4    5  6  7  7            
 4 -2 -1 -1   -4  4  4  4    7  8  8  8            
[1] 13
KN            KING          D2                     
 1  1  2 -4   -1  1 -2 -2    1  2  3  3   Value 24 
 2  3  4 -3   -2  2  2  2    3  4  4  4            
 3 -4 -3 -2   -3  3 -4 -4    5  6  7  7            
 4 -2 -1 -1   -4  4  4  4    7  8  8  8            
[1] 14
KN            KING          D2                     
 1  1  2  4   -1  1  2  2    1  2  4  4   Value 24 
 2  3 -4 -3   -2 -2  3  3    3  3  6  6            
 3 -4 -3 -2   -3 -3 -4 -4    5  5  7  7            
 4 -2 -1 -1   -4  4  4  4    7  8  8  8            
[1] 15
KN            KING          D2                     
 1  1  2  4   -1  1 -2  2    1  2  3  4   Value 25 
 2  4 -4 -4   -2  2  3  3    3  4  6  6            
 3 -4 -3 -2   -3 -3 -4 -4    5  5  7  7            
 4 -2 -1 -1   -4  4  4  4    7  8  8  8            
[1] 16
KN            KING          D2                     
 1  1  2  3   -1 -1  1  1    1  1  2  2   Value 26 
 2  4 -4 -4   -2  2  3  3    3  4  6  6            
 3 -3 -3 -2   -3 -3 -4 -4    5  5  7  7            
 4 -2 -1 -1   -4  4  4  4    7  8  8  8            
[1] 17
KN            KING          D2                     
 1  1  4  4   -2 -2 -2 -2    3  3  3  3   Value 20 
 2  2 -3 -3    2  2  2  2    4  4  4  4            
 3  3 -2 -2   -3 -3  3  3    5  5  6  6            
-4 -4 -1 -1   -4 -4  4  4    7  7  8  8            
[1] 18
KN            KING          D2                     
 1  1  4  4   -2 -2 -2  2    3  3  3  4   Value 16 
 2  2 -4 -3    2  2 -3 -3    4  4  5  5            
 3  4 -2 -2   -3  3  3  3    5  6  6  6            
-4 -4 -1 -1   -4 -4  4  4    7  7  8  8            
[1] 19
KN            KING          D2                     
 1  1  4  4   -2 -2 -2  2    3  3  3  4   Value 17 
 2  3 -4 -3    2  2 -3  3    4  4  5  6            
 3  4 -3 -2   -3  3 -4 -4    5  6  7  7            
-4 -4 -1 -1   -4  4  4  4    7  8  8  8            
[1] 20
KN            KING          D2                     
 1  1  3 -4   -1  1 -2 -2    1  2  3  3   Value 22 
 2  2  4 -3    2  2 -3 -3    4  4  5  5            
 3  4 -2 -2   -3  3  3  3    5  6  6  6            
-4 -3 -1 -1   -4 -4  4  4    7  7  8  8            
[1] 21
KN            KING          D2                     
 1  1  3  4   -2 -2  2  2    3  3  4  4   Value 12 
 2  2 -4 -3   -3 -3 -3 -3    5  5  5  5            
 3  4 -2 -2    3  3  3  3    6  6  6  6            
-4 -3 -1 -1   -4 -4  4  4    7  7  8  8            
[1] 22
KN            KING          D2                     
 1  1  3 -4   -1  1 -2 -2    1  2  3  3   Value 23 
 2  3  4 -3    2  2 -3  3    4  4  5  6            
 3  4 -3 -2   -3  3 -4 -4    5  6  7  7            
-4 -3 -1 -1   -4  4  4  4    7  8  8  8            
[1] 23
KN            KING          D2                     
 1  1  3  4   -2 -2  2  2    3  3  4  4   Value 14 
 2  3 -4 -3   -3 -3 -3  3    5  5  5  6            
 3  4 -3 -2    3  3 -4 -4    6  6  7  7            
-4 -3 -1 -1   -4  4  4  4    7  8  8  8            
[1] 24
KN            KING          D2                     
 1  1  3  4   -2 -2 -3 -3    3  3  5  5   Value 14 
 2  2  4 -3    2  2  3  3    4  4  6  6            
 3 -4 -2 -2   -3  3 -4 -4    5  6  7  7            
-4 -3 -1 -1   -4  4  4  4    7  8  8  8            
[1] 25
KN            KING          D2                     
 1  1  3  4   -2 -2 -2 -3    3  3  3  5   Value 22 
 2  3  4 -3    2  2  2  3    4  4  4  6            
 3 -4 -3 -2   -3  3 -4 -4    5  6  7  7            
-4 -3 -1 -1   -4  4  4  4    7  8  8  8            
[1] 26
KN            KING          D2                     
 1  1  3  4   -2 -2  2 -3    3  3  4  5   Value 19 
 2  4  4 -4    2 -3  3  3    4  5  6  6            
 3 -4 -3 -2   -3  3 -4 -4    5  6  7  7            
-4 -3 -1 -1   -4  4  4  4    7  8  8  8            
[1] 27
KN            KING          D2                     
 1  1  2 -4   -1  1 -2 -2    1  2  3  3   Value 20 
 2  3  4 -3    2  2 -3 -3    4  4  5  5            
 3  4 -3 -2    3  3 -4 -4    6  6  7  7            
-4 -2 -1 -1   -4  4  4  4    7  8  8  8            
[1] 28
KN            KING          D2                     
 1  1  2  4   -2 -2  2  2    3  3  4  4   Value 16 
 2  3 -4 -3   -3 -3  3  3    5  5  6  6            
 3  4 -3 -2   -4 -4 -4 -4    7  7  7  7            
-4 -2 -1 -1    4  4  4  4    8  8  8  8            
[1] 29
KN            KING          D2                     
 1  1  2  4   -2 -2 -2 -2    3  3  3  3   Value 18 
 2  3  4 -3    2  2  2  2    4  4  4  4            
 3 -4 -3 -2   -3  3 -4 -4    5  6  7  7            
-4 -2 -1 -1   -4  4  4  4    7  8  8  8            
[1] 30
KN            KING          D2                     
 1  1  2  4   -2 -2 -2  2    3  3  3  4   Value 18 
 2  4  4 -4    2  2  3  3    4  4  6  6            
 3 -4 -3 -2   -3 -3 -4 -4    5  5  7  7            
-4 -2 -1 -1   -4  4  4  4    7  8  8  8            
[1] 31
KN            KING          D2                     
 1  1  2  3   -1  1 -2 -2    1  2  3  3   Value 20 
 2  4  4 -4    2  2  3  3    4  4  6  6            
 3 -3 -3 -2   -3 -3 -4 -4    5  5  7  7            
-4 -2 -1 -1   -4  4  4  4    7  8  8  8            
[1] 32
KN            KING          D2                     
 1  1  3  4   -1  1 -2  2    1  2  3  4   Value 18 
 2  2 -4 -4   -3 -3 -3 -3    5  5  5  5            
 4  4 -2 -2    3  3  3  3    6  6  6  6            
-4 -3 -1 -1   -4 -4  4  4    7  7  8  8            
[1] 33
KN            KING          D2                     
 1  1  3 -4   -1  1 -2 -3    1  2  3  5   Value 24 
 2  3  4 -3    2 -3 -3  3    4  5  5  6            
 4  4 -4 -2    3  3 -4 -4    6  6  7  7            
-4 -3 -1 -1   -4  4  4  4    7  8  8  8            
[1] 34
KN            KING          D2                     
 1  1  3  4   -1  1 -2  2    1  2  3  4   Value 16 
 2  3 -4 -4   -3 -3 -3  3    5  5  5  6            
 4  4 -3 -2    3  3 -4 -4    6  6  7  7            
-4 -3 -1 -1   -4  4  4  4    7  8  8  8            
[1] 35
KN            KING          D2                     
 1  1  3  4   -2  2 -3 -3    3  4  5  5   Value 10 
 2  2  4 -4   -3 -3  3  3    5  5  6  6            
 4 -4 -2 -2    3  3 -4 -4    6  6  7  7            
-4 -3 -1 -1   -4  4  4  4    7  8  8  8            
[1] 36
KN            KING          D2                     
 1  1  3  4   -2 -2  2 -3    3  3  4  5   Value 18 
 2  3  4 -3    2 -3 -3  3    4  5  5  6            
 4 -4 -4 -2    3  3 -4 -4    6  6  7  7            
-4 -3 -1 -1   -4  4  4  4    7  8  8  8            
[1] 37
KN            KING          D2                     
 1  1  3  4   -2  2 -3 -3    3  4  5  5   Value 12 
 2  3  4 -4   -3  3  3  3    5  6  6  6            
 4 -4 -3 -2   -4 -4 -4 -4    7  7  7  7            
-4 -3 -1 -1    4  4  4  4    8  8  8  8            
[1] 38
KN            KING          D2                     
 1  1  3  3   -1  1 -2 -3    1  2  3  5   Value 21 
 2  4  4 -4    2 -3  3  3    4  5  6  6            
 4 -4 -3 -2   -3  3 -4 -4    5  6  7  7            
-4 -3 -1 -1   -4  4  4  4    7  8  8  8            
[1] 39
KN            KING          D2                     
 1  1  2 -4   -1  1 -2  2    1  2  3  4   Value 25 
 2  3  4 -3   -2  2 -3 -3    3  4  5  5            
 4  4 -4 -2    3  3 -4 -4    6  6  7  7            
-4 -2 -1 -1   -4  4  4  4    7  8  8  8            
[1] 40
KN            KING          D2                     
 1  1  2  4   -1  1 -2  2    1  2  3  4   Value 18 
 2  3 -4 -4   -3 -3  3  3    5  5  6  6            
 4  4 -3 -2   -4 -4 -4 -4    7  7  7  7            
-4 -2 -1 -1    4  4  4  4    8  8  8  8            
[1] 41
KN            KING          D2                     
 1  1  2  4   -2 -2 -2  2    3  3  3  4   Value 14 
 2  3  4 -3    2  2 -3 -3    4  4  5  5            
 4 -4 -4 -2    3  3 -4 -4    6  6  7  7            
-4 -2 -1 -1   -4  4  4  4    7  8  8  8            
[1] 42
KN            KING          D2                     
 1  1  2  4   -2 -2  2 -3    3  3  4  5   Value 20 
 2  3  4 -4    2 -3  3  3    4  5  6  6            
 4 -4 -3 -2   -4 -4 -4 -4    7  7  7  7            
-4 -2 -1 -1    4  4  4  4    8  8  8  8            
[1] 43
KN            KING          D2                     
 1  1  2  3   -1  1 -2 -3    1  2  3  5   Value 22 
 2  4  4 -4    2 -3  3  3    4  5  6  6            
 4 -4 -3 -2   -4 -4 -4 -4    7  7  7  7            
-4 -2 -1 -1    4  4  4  4    8  8  8  8            
[1] 44
KN            KING          D2                     
 1  1  2  4   -1  1 -2  2    1  2  3  4   Value 23 
 3  3 -4 -4   -2  2 -3  3    3  4  5  6            
 4  4 -3 -3   -4 -4 -4 -4    7  7  7  7            
-4 -2 -1 -1    4  4  4  4    8  8  8  8            
[1] 45
KN            KING          D2                     
 1  1  2  4   -2 -2 -2  2    3  3  3  4   Value 16 
 3  3  4 -4    2  2 -3  3    4  4  5  6            
 4 -4 -3 -3   -4 -4 -4 -4    7  7  7  7            
-4 -2 -1 -1    4  4  4  4    8  8  8  8            
[1] 46
KN            KING          D2                     
 1  1  2  3   -1  1 -2 -2    1  2  3  3   Value 18 
 3  4  4 -4    2  2 -3  3    4  4  5  6            
 4 -4 -3 -3   -4 -4 -4 -4    7  7  7  7            
-4 -2 -1 -1    4  4  4  4    8  8  8  8            
[1] 47
KN            KING          D2                     
 1  1  3  3   -1 -1  1  1    1  1  2  2   Value 24 
 2  2 -4 -4   -3 -3 -3 -3    5  5  5  5            
 4  4 -2 -2    3  3  3  3    6  6  6  6            
-3 -3 -1 -1   -4 -4  4  4    7  7  8  8            
[1] 48
KN            KING          D2                     
 1  1  3  3   -1 -1  1  1    1  1  2  2   Value 22 
 2  3 -4 -4   -3 -3 -3  3    5  5  5  6            
 4  4 -3 -2    3  3 -4 -4    6  6  7  7            
-3 -3 -1 -1   -4  4  4  4    7  8  8  8            
[1] 49
KN            KING          D2                     
 1  1  3  3   -1  1 -3 -3    1  2  5  5   Value 16 
 2  2  4 -4   -3 -3  3  3    5  5  6  6            
 4 -4 -2 -2    3  3 -4 -4    6  6  7  7            
-3 -3 -1 -1   -4  4  4  4    7  8  8  8            
[1] 50
KN            KING          D2                     
 1  1  3  4   -1  1  2 -3    1  2  4  5   Value 19 
 2  3  4 -4   -2 -3 -3  3    3  5  5  6            
 4 -4 -4 -2    3  3 -4 -4    6  6  7  7            
-3 -3 -1 -1   -4  4  4  4    7  8  8  8            
[1] 51
KN            KING          D2                     
 1  1  3  3   -1  1 -3 -3    1  2  5  5   Value 14 
 2  3  4 -4   -3  3  3  3    5  6  6  6            
 4 -4 -3 -2   -4 -4 -4 -4    7  7  7  7            
-3 -3 -1 -1    4  4  4  4    8  8  8  8            
[1] 52
KN            KING          D2                     
 1  1  2 -4   -1 -1  1  1    1  1  2  2   Value 26 
 2  3  3 -3   -2  2 -3 -3    3  4  5  5            
 4  4 -4 -2    3  3 -4 -4    6  6  7  7            
-3 -2 -1 -1   -4  4  4  4    7  8  8  8            
[1] 53
KN            KING          D2                     
 1  1  2  3   -1 -1  1  1    1  1  2  2   Value 20 
 2  3 -4 -4   -3 -3  3  3    5  5  6  6            
 4  4 -3 -2   -4 -4 -4 -4    7  7  7  7            
-3 -2 -1 -1    4  4  4  4    8  8  8  8            
[1] 54
KN            KING          D2                     
 1  1  2  4   -1  1  2  2    1  2  4  4   Value 20 
 2  3  3 -3   -2 -2 -3 -3    3  3  5  5            
 4 -4 -4 -2    3  3 -4 -4    6  6  7  7            
-3 -2 -1 -1   -4  4  4  4    7  8  8  8            
[1] 55
KN            KING          D2                     
 1  1  2  4   -1  1  2 -3    1  2  4  5   Value 21 
 2  3  4 -4   -2 -3  3  3    3  5  6  6            
 4 -4 -4 -2   -4 -4 -4 -4    7  7  7  7            
-3 -2 -1 -1    4  4  4  4    8  8  8  8            
[1] 56
KN            KING          D2                     
 1  1  2  3   -1  1 -3 -3    1  2  5  5   Value 18 
 2  3  4 -4   -2  2  3  3    3  4  6  6            
 4 -4 -3 -2   -4 -4 -4 -4    7  7  7  7            
-3 -2 -1 -1    4  4  4  4    8  8  8  8            
[1] 57
KN            KING          D2                     
 1  1  2  3   -1 -1  1  1    1  1  2  2   Value 24 
 3  3 -4 -4   -2  2 -3  3    3  4  5  6            
 4  4 -3 -3   -4 -4 -4 -4    7  7  7  7            
-3 -2 -1 -1    4  4  4  4    8  8  8  8            
[1] 58
KN            KING          D2                     
 1  1  2  4   -1  1  2  2    1  2  4  4   Value 22 
 3  3  4 -4   -2 -2 -3  3    3  3  5  6            
 4 -4 -4 -3   -4 -4 -4 -4    7  7  7  7            
-3 -2 -1 -1    4  4  4  4    8  8  8  8            
[1] 59
KN            KING          D2                     
 1  1  2  3   -1  1 -2 -3    1  2  3  5   Value 26 
 3  3  4 -4   -2  2  2  3    3  4  4  6            
 4 -4 -3 -3   -4 -4 -4 -4    7  7  7  7            
-3 -2 -1 -1    4  4  4  4    8  8  8  8            
[1] 60
KN            KING          D2                     
 1  1  3  3   -3 -3 -3 -3    5  5  5  5   Value  8 
 2  2  4  4    3  3  3  3    6  6  6  6            
-4 -4 -2 -2   -4 -4 -4 -4    7  7  7  7            
-3 -3 -1 -1    4  4  4  4    8  8  8  8            
[1] 61
KN            KING          D2                     
 1  1  3  3   -2 -3 -3 -3    3  5  5  5   Value 16 
 2  3  4  4    2  3  3  3    4  6  6  6            
-4 -4 -3 -2   -4 -4 -4 -4    7  7  7  7            
-3 -3 -1 -1    4  4  4  4    8  8  8  8            
[1] 62
KN            KING          D2                     
 1  1  2  3   -2 -2 -3 -3    3  3  5  5   Value 12 
 2  3  4  4    2  2  3  3    4  4  6  6            
-4 -4 -3 -2   -4 -4 -4 -4    7  7  7  7            
-3 -2 -1 -1    4  4  4  4    8  8  8  8            
[1] 63
KN            KING          D2                     
 1  1  2  3   -2 -2 -2 -3    3  3  3  5   Value 20 
 3  3  4  4    2  2  2  3    4  4  4  6            
-4 -4 -3 -3   -4 -4 -4 -4    7  7  7  7            
-3 -2 -1 -1    4  4  4  4    8  8  8  8            
[1] 64
KN            KING          D2                     
 1  1  2  2   -1 -1  1  1    1  1  2  2   Value 28 
 3  3 -4 -4   -2 -2  2  2    3  3  4  4            
 4  4 -3 -3   -4 -4 -4 -4    7  7  7  7            
-2 -2 -1 -1    4  4  4  4    8  8  8  8            
[1] 65
KN            KING          D2                     
 1  1  2  2   -1  1 -2 -2    1  2  3  3   Value 22 
 3  3  4 -4   -2  2  2  2    3  4  4  4            
 4 -4 -3 -3   -4 -4 -4 -4    7  7  7  7            
-2 -2 -1 -1    4  4  4  4    8  8  8  8            
[1] 66
KN            KING          D2                     
 1  1  2  2   -2 -2 -2 -2    3  3  3  3   Value 16 
 3  3  4  4    2  2  2  2    4  4  4  4            
-4 -4 -3 -3   -4 -4 -4 -4    7  7  7  7            
-2 -2 -1 -1    4  4  4  4    8  8  8  8            
